5292132 02000384 5292582 12940 15468
52 02000400 1558 15400 15400
-19 02044104 1558 15376 15376
454 0203ffd4 72474 15168 15168
159 02001d0c 29206 14760 14760
-46 020007fc 18616 14712 14736
87 02000874 25452 14736 14736
1 0203b770 7 15120 15120
0 02011cf4 6 15096 15096
0 0203a680 3 15104 15104
0 02011d70 6 15088 15088
0 0203a6d0 21 15072 15104
-2 020003c4 20124 12940 15456
-9 02038c38 1558 15160 15160
1187 0200480c 872750 14992 15136
49 02004fc0 26496 15144 15144
552 02004dac 476154 14992 15136
21629 0203c250 3915450 13080 13224
5009 02037aa0 2505888 13032 13176
641 02004c5c 626472 13056 13200
1438 02005350 921496 13048 13192
1902 02037904 1252734 13048 13192
-1209 020382a0 313236 13048 13192
-1602 02008a34 588977 12976 14344
773 020051c0 469388 13056 13200
-359 0203ab08 313236 13048 13192
20424 020057c0 8509993 13024 13168
-26 0203b5ec 3024 15096 15096
45 02010894 1512 15016 15016
0 0201079c 1512 14952 14952
-2 0200d014 1512 14808 14808
-8 02010ea8 3024 15152 15152
0 02011a30 124 15144 15144
11376 0203f24c 2494543 15024 15024
0 020116a4 1342 14912 14912
17040 0203d344 2113415 14808 14808
-464 0203bfec 214290 14776 14776
-3190 0203a7a8 808792 14776 14776
791 02004e98 545124 15000 15000
2914 0203c6d4 389934 14960 14960
-424 02037724 194967 14880 14880
6362 0200544c 2862464 14920 14920
9779 0203bc2c 1739817 14448 14448
-737 02038778 275741 14432 14432
16263 02004968 6443441 14384 14384
-1215 0203a814 275741 14416 14416
-1033 02014a98 213953 14768 14768
-736 0201402c 173279 14752 14752
-602 020145d8 89716 14776 14776
